16640.32 -1650.84
16691.11 -1667.53
16894.79 -1700.15
17015.72 -1733.00
17241.02 -1766.58
17374.51 -1796.48
17505.68 -1837.47
17538.84 -1868.92
17630.18 -1888.78
17683.64 -1908.85
17845.30 -1954.77
17926.95 -1991.02
18021.47 -2021.09
18105.70 -2054.13
18261.52 -2091.35
18310.79 -2124.55
18509.20 -2185.29
18671.57 -2254.94
18742.40 -2289.76
18817.35 -2315.53
18912.66 -2347.35
18942.00 -2371.12
18962.44 -2394.16
19080.40 -2460.91
19098.91 -2464.45
19003.35 -2465.28
19044.74 -2489.23
19123.53 -2543.61
19141.93 -2591.86
19179.48 -2608.95
19191.86 -2619.95
19122.56 -2629.95
19210.59 -2630.28
19228.79 -2635.94
19268.95 -2642.51
19217.50 -2662.61
19311.04 -2680.74
19332.46 -2692.41
19325.01 -2703.78
19367.19 -2716.90
19438.46 -2726.02
19513.58 -2741.03
19530.15 -2757.68
19512.47 -2759.59
19534.59 -2768.56
19570.27 -2771.96
19577.54 -2787.35
19591.31 -2797.70
19605.47 -2797.82
19543.11 -2807.88
-1.11 -36.92
-1.12 -38.42
2.07 -40.73
0.30 -41.12
2.63 -42.83
0.55 -42.94
-0.99 -43.49
0.62 -43.25
4.02 -44.21
12.44 -47.30
1.82 -42.87
452.97 -181.57
146.87 -84.02
183.22 -100.62
48.32 -50.04
126.35 -66.72
250.94 -120.36
163.61 -194.10
1247.63 -472.09
1370.95 -522.37
1430.15 -551.59
1542.13 -618.90
1573.47 -653.85
1717.73 -646.34
1187.18 -507.77
1348.64 -566.23
41.96 -218.63
372.35 -305.59
43.29 -242.63
282.98 -293.85
120.67 -247.56
174.99 -269.43
108.52 -257.34
410.10 -350.62
226.27 -307.93
57.48 -268.69
129.79 -285.38
37.69 -280.09
229.07 -357.81
54.57 -299.73
102.59 -332.70
54.20 -337.73
227.37 -389.88
163.82 -367.02
102.75 -356.62
50.80 -337.81
271.66 -438.64
16.19 -364.72
370.51 -526.51
22.53 -377.75
1.47 -48.61
-0.75 -55.25
-0.37 -58.16
1.15 -40.66
0.77 -27.37
14717.22 -1351.32
14798.69 -1375.89
15017.94 -1375.85
15289.48 -1426.76
15506.09 -1462.08
15663.96 -1484.16
15834.50 -1514.98
15983.39 -1541.45
16160.29 -1570.54
16214.95 -1597.14
16414.44 -1627.58
16554.83 -1661.21
16689.73 -1689.41
16759.49 -1711.53
16870.09 -1737.51
16923.92 -1760.45
17104.09 -1801.71
17140.75 -1823.80
17299.47 -1911.84
17511.22 -1955.48
17602.86 -1986.63
17761.97 -2022.85
17815.71 -2053.03
17938.91 -2076.84
18092.29 -2114.07
18114.07 -2135.55
18196.37 -2157.52
18357.54 -2209.90
18461.27 -2260.02
18608.11 -2302.73
18692.44 -2322.17
18695.48 -2335.75
18721.47 -2349.37
18701.52 -2365.56
18761.51 -2378.61
18761.68 -2385.13
18868.98 -2407.38
18932.05 -2438.49
18979.02 -2487.17
18994.79 -2509.25
19026.16 -2559.23
19164.59 -2616.43
19172.54 -2634.00
19201.32 -2645.05
19219.81 -2649.27
1.17 -257.77
-0.38 -248.84
0.51 -239.27
1.96 -231.19
0.94 -219.17
0.17 -205.46
1.69 -193.07
2.47 -181.71
0.76 -169.63
0.94 -158.67
5.37 -150.60
1.41 -142.61
3132.97 -551.64
-0.02 -132.16
3389.99 -569.52
3590.98 -585.89
3906.46 -609.40
4009.23 -632.05
4652.36 -671.35
4855.03 -695.07
5241.21 -756.56
5378.04 -776.52
5588.63 -807.81
5866.46 -851.96
6052.32 -893.63
6195.16 -928.96
6390.82 -976.34
6599.62 -1018.75
6815.41 -1074.41
7004.60 -1111.90
7083.59 -1168.93
7292.65 -1217.52
7572.85 -1264.54
7680.10 -1310.28
7883.20 -1377.52
7804.60 -1420.76
7927.18 -1469.50
8000.21 -1514.76
8161.34 -1586.97
8265.53 -1656.75
8315.67 -1689.15
8335.03 -1715.64
8303.21 -1779.87
8468.74 -1817.17
8441.17 -1852.61
8562.76 -1910.58
8524.93 -1940.10
8577.38 -1954.40
8377.95 -1996.29
8484.32 -2004.06
-0.94 -49.49
0.07 -42.23
0.81 -34.58
0.95 -29.39
-0.80 -26.92
-0.70 -20.62
-0.49 -16.17
0.09 -16.57
0.58 -14.08
-0.38 -14.80
-2.48 -22.19
-0.02 -21.22
0.14 -27.63
-0.15 -34.19
0.84 -40.97
-0.33 -55.29
15581.69 -1480.75
15728.35 -1492.33
15671.84 -1515.91
9.92 -71.16
16069.37 -1547.54
16182.42 -1577.08
16308.27 -1605.77
16319.89 -1627.81
16505.05 -1653.19
16637.78 -1676.59
16677.11 -1704.95
16661.80 -1726.72
16869.68 -1739.84
16971.27 -1766.30
17064.58 -1791.33
17189.17 -1817.84
17249.91 -1851.48
17426.88 -1905.22
17512.85 -1981.38
17675.17 -2004.78
17854.30 -1994.29
18001.07 -2056.72
18121.29 -2125.71
18315.49 -2221.85
18226.99 -2247.03
18323.74 -2279.73
18313.52 -2300.41
18378.55 -2321.47
18475.46 -2336.24
18504.73 -2342.47
18566.36 -2360.25
18600.11 -2374.08
18663.24 -2433.91
18889.33 -2477.08
0.46 -164.47
0.30 -162.07
0.06 -160.04
-1.35 -159.50
-1.62 -160.43
-0.61 -163.09
-0.25 -167.87
-0.65 -174.45
1.06 -181.80
0.06 -189.16
1.59 -171.92
-1.34 -1428.55
12837.21 -1557.59
13159.76 -1593.33
13428.46 -1630.90
13629.68 -1672.54
13625.84 -1695.65
13947.84 -1725.52
13795.80 -1755.08
14033.53 -1802.16
14225.61 -1834.20
13947.33 -1865.92
14216.92 -1894.09
14424.16 -1910.65
13505.91 -1948.13
14582.24 -2011.69
14510.93 -2016.26
14515.28 -2041.47
14712.58 -2080.91
14665.15 -2083.35
15076.26 -2124.64
7200.62 -2446.92
14867.57 -2179.45
14869.69 -2167.42
14899.78 -2226.47
15117.81 -2218.34
15050.03 -2236.59
15103.42 -2247.99
15157.04 -2274.05
10105.33 -1594.04
15204.37 -2326.74
15258.12 -2325.84
15131.38 -2335.51
15162.25 -2357.62
15150.52 -2360.68
15297.04 -2365.65
15457.16 -2380.39
15392.78 -2420.00
15241.02 -2417.50
15036.10 -2468.08
-0.43 -121.61
-0.75 -123.93
3.57 -127.93
1.18 -129.45
4940.54 -656.06
-0.77 -113.88
5540.10 -751.86
5892.20 -796.72
6248.38 -860.76
6595.40 -923.43
6634.84 -945.21
7194.31 -1038.22
7884.77 -1157.06
8129.42 -1234.51
8380.69 -1316.33
8888.16 -1382.99
9253.72 -1454.62
9348.52 -1516.47
9192.50 -1577.43
9663.13 -1637.38
9689.91 -1695.59
9440.63 -1729.04
9563.51 -1792.32
9901.22 -1848.68
9994.08 -1864.84
9296.45 -1908.25
10187.05 -1971.59
9990.21 -2027.74
10402.30 -2041.84
10323.50 -2088.85
10510.42 -2105.74
10362.31 -2160.15
10534.00 -2183.78
10575.80 -2219.26
10580.12 -2232.07
10437.10 -2265.85
10321.94 -2257.42
10573.86 -2319.96
10575.22 -2360.47
10409.60 -2329.24
10192.65 -2316.78
10551.06 -2324.78
10413.55 -2357.01
10602.45 -2377.05
10624.03 -2387.23
10497.49 -2388.36
10666.20 -2406.35
10408.17 -2383.02
10663.87 -2408.65
10947.38 -2392.83
0.20 -71.23
-1.45 -67.37
-1.24 -62.82
1.32 -59.35
-1.22 -58.43
-0.72 -57.90
-1.30 -57.71
0.23 -59.07
-1.16 -61.56
-0.08 -64.95
-1.20 -67.35
-1.24 -69.85
-0.67 -73.57
-0.55 -76.49
-1.30 -80.78
-1.05 -85.61
-2.06 -90.81
-1.27 -96.81
-0.86 -83.34
10776.90 -1273.66
10737.54 -1293.49
11183.55 -1332.90
11505.16 -1361.42
11416.25 -1413.06
11696.02 -1427.04
9038.35 -1172.24
11863.61 -1490.79
11808.56 -1511.22
12055.36 -1542.38
12368.54 -1592.66
11827.69 -1618.20
12232.69 -1637.97
12019.72 -1694.15
12388.07 -1721.48
12367.18 -1750.06
12463.96 -1749.82
12655.50 -1797.75
12519.65 -1812.67
12653.26 -1832.65
12535.60 -1867.76
12556.48 -1905.98
12770.44 -1909.20
12812.92 -1932.53
13008.86 -1915.84
12564.92 -1987.10
13113.92 -1973.12
12689.26 -2017.83
12884.64 -2016.35
12747.75 -2057.06
12851.00 -2020.40
0.47 -28.72
1.25 -27.93
-0.43 -27.79
-0.42 -31.29
0.31 -35.94
0.85 -43.85
0.69 -53.25
0.46 -65.90
-0.63 -80.52
16264.23 -1628.58
16350.71 -1651.36
16469.68 -1661.33
16552.45 -1672.40
16642.76 -1693.61
16738.44 -1703.98
16796.59 -1729.69
16871.77 -1750.27
16951.56 -1783.04
17111.07 -1809.47
17234.37 -1837.60
17332.86 -1868.04
17414.15 -1878.33
17484.53 -1903.15
17532.06 -1912.65
17816.85 -1983.31
17881.43 -2044.87
17955.09 -2064.42
18067.39 -2093.59
18057.26 -2116.18
18074.95 -2134.28
18093.16 -2156.50
18130.71 -2178.62
18203.20 -2212.49
18264.28 -2243.54
18358.34 -2267.67
18376.36 -2298.64
18431.83 -2345.06
18444.16 -2404.96
18469.37 -2447.59
18551.57 -2480.19
18756.85 -2570.33
18741.59 -2576.33
18814.10 -2590.97
18817.92 -2600.51
18831.10 -2614.57
18893.32 -2623.94
18946.73 -2644.88
18979.28 -2650.32
19013.18 -2663.74
19058.79 -2679.03
0.24 -28.68
1.55 -38.61
-0.13 -50.50
0.68 -65.15
-0.23 -81.81
-1.11 -100.25
0.07 -120.85
0.09 -143.88
10892.80 -1225.59
11264.98 -1265.75
11167.44 -1294.96
11679.88 -1319.13
11996.19 -1344.85
11916.64 -1394.24
12278.17 -1434.85
12298.34 -1464.56
6071.69 -909.29
12699.42 -1591.80
12716.16 -1598.34
2272.58 -467.64
5933.10 -892.16
12882.30 -1721.99
13050.87 -1749.78
2702.69 -2857.12
9624.85 -1433.18
13214.14 -1873.89
13315.99 -1900.88
13208.39 -1944.24
13381.21 -1962.22
13331.82 -2001.52
13811.93 -2064.37
13193.49 -2059.11
13420.40 -2075.80
13438.23 -2130.64
13394.90 -2126.00
13038.29 -2143.09
13769.54 -2166.09
13477.70 -2213.39
13617.08 -2184.58
13465.33 -2218.00
13422.69 -2235.33
5197.28 -969.12
13727.46 -2267.75
13459.47 -2268.56
13554.04 -2302.16
13474.65 -2312.61
13665.31 -2315.29
13679.69 -2328.18
13475.15 -2354.04
13579.54 -2362.71
16624.59 -1697.44
16695.91 -1714.35
16860.23 -1737.61
16733.57 -1760.79
16992.44 -1767.63
17118.24 -1785.72
17205.44 -1807.77
17304.65 -1820.57
17365.97 -1839.33
17364.07 -1851.32
17542.86 -1891.16
17615.67 -1925.06
17687.96 -1947.19
17750.39 -1956.71
17836.59 -1979.56
17851.93 -1990.91
17959.47 -2008.90
18013.03 -2029.74
18090.33 -2049.85
18156.33 -2068.74
18216.61 -2088.05
18280.05 -2116.44
18310.13 -2135.26
18392.61 -2163.60
18512.00 -2222.78
18378.04 -2265.72
18683.53 -2303.94
18826.57 -2338.01
18897.31 -2381.20
18936.58 -2402.86
18878.92 -2488.25
19109.63 -2579.56
19066.52 -2627.39
19297.67 -2654.57
19333.75 -2665.58
19295.63 -2673.94
19354.09 -2675.20
19328.80 -2684.14
19392.11 -2695.92
19413.14 -2718.44
19468.63 -2745.00
19545.60 -2757.99
19525.63 -2764.24
19566.64 -2771.78
19621.40 -2775.48
19591.85 -2774.39
19644.63 -2777.32
19714.94 -2807.29
19472.04 -2807.48
19685.58 -2826.69
-0.25 -246.72
0.86 -241.23
430.73 -234.15
473.63 -229.50
892.72 -227.79
0.64 -228.24
-0.70 -228.65
-0.66 -231.07
0.86 -232.78
1.05 -238.66
-0.45 -251.35
-0.16 -267.81
29.80 -277.30
6.89 -276.97
7.87 -273.70
1.52 -271.28
-0.07 -262.06
17.70 -255.85
2.35 -245.09
3123.93 -536.34
3531.62 -571.40
3555.09 -589.53
3731.12 -620.41
4082.94 -674.98
4195.46 -698.10
4352.44 -736.34
4505.71 -761.61
4622.89 -789.89
4907.67 -836.01
4929.61 -847.16
5166.23 -884.91
5366.44 -919.67
5452.62 -946.97
5639.88 -988.32
5790.21 -1017.70
5922.02 -1076.89
6032.45 -1110.45
6173.53 -1154.94
6264.54 -1197.98
6353.78 -1234.78
6449.17 -1276.55
6537.61 -1332.14
6640.92 -1360.24
6711.48 -1393.98
6786.60 -1432.97
6898.49 -1460.23
6952.32 -1495.72
6958.96 -1527.36
7130.33 -1567.22
7138.79 -1582.88
0.20 -91.01
0.00 -75.88
0.64 -63.66
-1.17 -53.23
-1.83 -44.27
-0.18 -37.94
1.76 -34.07
0.83 -30.58
0.85 -31.59
0.38 -34.83
-0.08 -38.62
-0.90 -48.56
0.66 -58.80
1.54 -72.01
3.89 -89.99
2.83 -110.64
15518.64 -1480.17
15616.41 -1495.63
15723.85 -1504.35
15802.88 -1524.22
15966.16 -1554.26
16085.95 -1571.46
16197.92 -1592.41
16336.88 -1626.29
16478.83 -1651.14
16511.24 -1681.83
16657.62 -1702.75
16794.70 -1728.69
16867.78 -1753.58
16930.21 -1776.96
17078.65 -1796.77
17138.07 -1812.63
17246.42 -1832.51
17289.02 -1850.86
17371.31 -1872.39
17450.69 -1903.47
17858.82 -2070.08
17944.60 -2119.14
18010.85 -2149.21
18140.92 -2181.71
18173.41 -2200.54
18186.25 -2217.11
18416.98 -2255.73
18542.83 -2302.55
18660.85 -2328.86
18601.29 -2359.12
18762.07 -2406.97
18779.34 -2440.63
18883.34 -2507.97
18879.15 -2551.63
-1.24 -131.69
0.64 -107.61
-0.73 -88.22
-0.21 -71.71
0.30 -58.91
0.31 -49.18
-0.58 -39.78
0.57 -37.46
2.53 -39.31
2.81 -46.12
1.34 -47.86
-0.75 -50.15
13664.74 -1314.30
13819.49 -1331.18
14119.64 -1353.84
14168.84 -1366.70
15080.75 -1461.85
15231.65 -1488.47
15524.60 -1514.74
15669.76 -1539.99
15808.44 -1569.68
15917.41 -1592.13
15964.41 -1624.03
16191.21 -1657.79
16323.67 -1692.05
16325.77 -1725.64
16559.80 -1767.62
16770.34 -1805.50
17122.69 -1865.22
16986.20 -1895.75
17149.53 -2001.34
17310.17 -2052.32
17421.85 -2100.85
17239.68 -2155.89
17712.92 -2189.88
17642.81 -2223.58
17782.70 -2254.75
17857.62 -2287.08
17958.91 -2319.30
18017.61 -2353.48
18127.93 -2396.19
18167.57 -2409.17
18225.55 -2434.84
18176.58 -2457.66
18320.66 -2475.64
18433.66 -2500.21
18485.98 -2520.95
18552.66 -2538.86
18629.87 -2575.43
18718.88 -2604.02
0.24 -101.67
0.10 -95.73
1.19 -90.35
-0.71 -84.85
0.10 -79.70
-0.72 -74.56
-0.98 -70.20
-2.59 -66.49
-0.07 -62.90
-0.41 -60.47
0.18 -59.14
-0.23 -59.25
-1.79 -62.45
-0.50 -65.79
-1.13 -76.79
0.24 -79.90
0.46 -75.51
7698.19 -1027.75
2.33 -81.70
-0.36 -107.69
9217.28 -1164.81
9410.35 -1219.49
9750.32 -1270.55
10093.60 -1319.09
10148.73 -1378.23
10085.97 -1419.07
10235.18 -1493.38
10494.36 -1546.64
10648.76 -1605.18
10704.85 -1637.36
10803.07 -1693.12
10822.85 -1760.55
10842.91 -1787.76
11035.27 -1846.56
10953.42 -1846.92
10947.20 -1932.45
11252.62 -1918.31
10996.70 -1942.39
11205.81 -2024.21
11254.58 -2018.88
11210.22 -2053.54
11327.62 -2090.23
11296.60 -2066.49
11261.62 -2142.63
11296.68 -2163.93
11317.55 -2163.63
11451.85 -2206.29
11307.42 -2199.34
11261.52 -2240.51
11443.10 -2251.40
-2.07 -127.78
0.60 -128.56
0.64 -126.75
-0.04 -125.96
-1.18 -126.42
-0.68 -127.87
-0.32 -129.89
-0.75 -130.99
-0.33 -132.17
-0.33 -134.08
-0.74 -137.29
0.05 -140.80
-0.76 -145.21
-1.37 -150.46
0.16 -156.01
-0.61 -143.09
-0.75 -125.20
1.08 -108.67
1.48 -94.99
4717.14 -681.11
5172.91 -748.36
5404.61 -783.86
5581.17 -816.00
5993.11 -874.68
6333.77 -908.06
6530.43 -943.61
6872.84 -989.62
7267.86 -1015.83
7549.19 -1086.19
7740.07 -1144.55
8724.53 -1232.24
8251.07 -1217.31
8726.49 -1311.60
8948.01 -1351.74
8983.11 -1397.45
9448.05 -1481.73
9419.66 -1492.54
9521.62 -1546.76
9625.50 -1597.18
9678.19 -1649.29
9907.10 -1711.44
9969.64 -1770.13
10031.22 -1809.12
9807.10 -1799.93
10074.70 -1901.33
10088.96 -1952.85
10109.98 -1957.05
10167.82 -2015.20
10337.74 -2056.45
10356.93 -2116.04
1.60 -94.85
0.32 -61.83
-0.59 -42.88
2.81 -35.89
0.41 -31.58
-0.60 -26.98
-0.57 -33.74
-1.51 -40.37
1.44 -49.60
0.89 -56.96
-0.77 -71.88
-0.48 -90.25
0.38 -113.91
2.42 -142.64
15405.58 -1517.35
15468.24 -1548.98
15819.96 -1569.81
15924.36 -1596.18
16079.19 -1613.89
16177.31 -1633.33
16335.29 -1657.28
16495.12 -1681.93
16588.49 -1698.79
16685.00 -1721.68
16779.20 -1742.24
16796.22 -1766.10
16850.43 -1787.82
16934.40 -1808.34
17050.28 -1858.32
16981.97 -1906.41
17126.65 -1949.15
17350.20 -1999.14
17386.77 -2040.15
17510.44 -2084.89
17591.34 -2133.18
17718.50 -2170.77
17798.54 -2201.10
17862.35 -2228.87
17941.98 -2246.02
17969.67 -2255.56
18029.48 -2271.24
18173.80 -2331.97
18206.41 -2362.38
18236.87 -2387.47
18258.04 -2409.97
18307.17 -2429.43
18395.37 -2437.62
18379.69 -2453.94
18475.72 -2477.39
18477.17 -2496.50
17514.70 -1915.18
17589.84 -1933.80
17680.94 -1951.81
17753.37 -1968.84
17855.41 -1982.99
17904.63 -2000.21
18088.83 -2048.09
18207.54 -2093.67
18258.62 -2123.68
18646.61 -2265.37
18727.93 -2318.21
18758.59 -2348.43
18835.76 -2378.20
18799.19 -2483.23
18896.00 -2533.77
19125.84 -2608.43
19214.56 -2644.23
19226.95 -2663.68
19235.61 -2675.40
19298.75 -2690.67
19328.54 -2703.22
19331.15 -2710.17
19328.99 -2718.81
19387.09 -2727.61
19396.28 -2738.17
19425.21 -2748.40
19493.31 -2749.40
19491.79 -2760.26
19544.38 -2775.72
19505.00 -2777.32
19570.68 -2792.85
19591.00 -2809.56
19601.86 -2823.98
19624.25 -2844.60
19608.35 -2853.08
19649.63 -2866.40
19720.88 -2885.96
19746.22 -2911.36
19704.02 -2916.09
19707.38 -2924.41
19754.54 -2935.33
19680.77 -2949.85
19683.24 -2961.29
19687.26 -2972.81
19668.76 -2973.79
19656.01 -2975.23
19622.19 -2983.19
19653.44 -2989.41
19691.06 -2996.56
19642.42 -3002.90
0.49 -71.41
1.28 -66.05
0.08 -61.28
-0.46 -57.63
0.62 -54.74
0.34 -52.77
1.18 -51.30
0.02 -50.72
-0.85 -51.01
0.16 -51.87
1.12 -53.98
-0.50 -56.60
-0.73 -60.23
0.80 -66.60
1.16 -74.07
1.10 -82.94
-0.16 -89.80
0.17 -120.73
11717.43 -1430.98
12088.12 -1478.12
12095.51 -1527.00
12308.00 -1548.54
12472.22 -1594.35
12431.61 -1639.06
7833.78 -2210.17
12791.97 -1699.36
12737.57 -1732.39
12864.59 -1741.18
12750.80 -1790.63
13025.77 -1828.99
11569.40 -1669.29
13042.30 -1879.07
13238.87 -1907.78
13156.99 -1954.20
12966.83 -1951.11
13165.65 -1991.19
13277.83 -1993.38
13145.43 -2025.89
13415.41 -2063.80
13324.12 -2074.52
13338.92 -2084.03
13327.87 -2137.75
13516.46 -2120.65
13481.37 -2122.01
13569.56 -2148.50
13529.50 -2158.46
13456.20 -2193.80
13361.12 -2236.47
13620.54 -2202.68
13509.33 -2200.80
0.12 -26.94
0.20 -23.04
1.30 -18.47
0.08 -15.61
-0.73 -11.95
1.04 -9.75
1.22 -8.08
-0.27 -7.30
1.98 -6.95
0.18 -7.25
-0.13 -9.84
0.30 -9.43
0.50 -11.43
0.96 -16.33
-0.04 -17.55
0.24 -23.01
-0.50 -26.58
15471.24 -1454.39
15689.86 -1491.57
15975.17 -1539.86
16333.30 -1595.87
16504.30 -1634.94
16702.81 -1680.93
16800.18 -1730.85
17090.34 -1780.75
17195.33 -1812.40
17319.50 -1853.69
17360.74 -1864.71
17470.51 -1888.90
17562.84 -1911.67
17655.49 -1933.04
17737.88 -1960.26
17888.49 -1989.51
18010.16 -2044.99
18240.62 -2135.90
18301.00 -2172.47
18305.65 -2192.61
18572.31 -2269.57
18647.97 -2303.66
18725.48 -2332.10
18739.53 -2352.72
18885.49 -2382.28
18985.59 -2411.65
19045.26 -2431.06
19099.58 -2450.00
19065.07 -2466.75
19193.00 -2479.15
19238.81 -2499.50
19275.31 -2509.50
19288.53 -2518.02
